267.576723017
266.794788952
266.01845972
265.24773532
264.482615752
263.723101016
262.969191112
262.22088604
261.478185801
260.741090393
260.009599818
259.283714074
258.563433163
257.848757084
257.139685837
256.436219423
255.73835784
255.046101089
254.359449171
253.678402085
253.00295983
252.333122408
251.668889818
251.010262061
250.357239135
249.709821041
249.06800778
248.43179935
247.801195753
247.176196988
246.556803055
245.943013954
245.334829685
244.732250249
244.135275644
243.543905872
242.958140932
242.377980823
241.803425547
241.234475103
240.671129492
240.113388712
239.561252764
239.014721649
238.473795365
237.938473914
237.408757295
236.884645508
236.366138553
235.85323643
235.34593914
234.844246681
234.348159055
233.85767626
233.372798298
232.893525168
232.41985687
231.951793404
231.489334771
231.032480969
230.581232
230.135587862
229.695548557
229.261114084
228.832284443
228.409059634
227.991439657
227.579424513
227.1730142
226.77220872
226.377008072
225.987412255
225.603421271
225.225035119
224.8522538
224.485077312
224.123505656
223.767538833
223.417176841
223.072419682
222.733267355
222.39971986
222.071777197
221.749439367
221.432706368
221.121578201
220.816054867
220.516136365
220.221822695
219.933113856
219.650009851
219.372510677
219.100616335
218.834326825
218.573642148
218.318562303
218.069087289
217.825217108
217.586951759
217.354291242
217.127235558
216.905784705
216.689938685
216.479697496
216.27506114
216.076029616
215.882602924
215.694781064
215.512564036
215.33595184
215.164944477
214.999541945
214.839744246
214.685551379
214.536963344
214.393980141
214.25660177
214.124828231
213.998659524
213.87809565
213.763136608
214.85735637
216.922049518
218.902653682
220.800207464
222.615749468
224.3503183
226.004952562
227.580690859
229.078571794
230.499633972
231.844915996
233.115456471
234.312294001
235.436467189
236.489014639
237.470974955
238.383386742
239.227288604
240.003719143
240.713716965
241.358320672
241.93856887
242.455500162
242.910153152
243.303566445
243.636778643
243.910828351
244.126754173
244.285594712
244.388388574
244.436174361
244.429990678
244.370876129
244.259869318
244.098008848
243.886333324
243.625881349
243.317691528
242.962802464
242.562252762
242.117081025
241.628325858
241.097025864
240.524219647
239.910945811
239.258242961
238.5671497
237.838704632
237.073946361
236.273913491
235.439644627
234.572178371
233.672553328
232.741808102
231.780981297
230.791111517
229.773237366
228.728397448
227.657630366
226.561974725
225.442469128
224.300152181
223.136062485
221.951238647
220.746719269
219.523542955
218.28274831
217.025373937
215.752458441
214.465040424
213.164158493
211.850851249
210.526157298
209.191115243
207.846763688
206.494141237
205.134286494
203.768238063
202.397034548
201.021714553
199.643316682
198.262879539
196.881441728
195.500041852
194.119718517
192.741510325
191.36645588
189.995593788
188.629962651
187.270601073
185.918547659
184.574841013
183.240519738
181.916622439
180.604187718
179.304254182
178.017860432
176.746045074
175.489846711
174.250303947
173.028455387
171.825339633
170.641995291
169.479460964
168.338775256
167.22097677
166.127104112
165.058195884
164.015290692
162.999427138
162.011643827
161.052979363
160.124472349
159.227161391
158.36208509
157.530282053
156.732790882
155.970650181
155.244898555
154.556574608
153.906716943
153.296364164
152.726554875
152.198327681
151.712721185
151.270773992
150.873524704
150.522011927
150.217274264
149.960350319
149.752278696
149.594097999
149.486846832
149.431563799
149.429287503
149.48105655
149.587909542
149.750885085
149.971021781
150.249358234
150.586933049
150.98478483
151.443952181
151.965473705
152.550388007
153.19973369
153.914549358
154.695873616
155.544745067