480.01857424
480.308833814
480.427041513
480.387411721
480.2034612
479.888028945
479.453295779
478.91080369
478.27147492
477.545630789
476.743010265
475.872788282
474.9435938
473.963527601
472.940179845
471.880647352
470.791550641
469.679050709
468.548865548
467.406286415
466.256193843
465.103073387
463.951031131
462.803808921
461.664799355
460.537060511
459.423330417
458.326041271
457.247333398
456.189068959
455.152845393
454.140008612
453.151665938
452.188698782
451.251775063
450.341361381
449.457734926
448.60099513
447.771075072
446.967752614
446.190661292
445.439300943
444.713048081
444.011166015
443.332814711
442.677060394
442.042884904
441.429194783
440.834830116
440.258573108
439.699156414
439.155271205
438.62557498
438.108699121
437.603256196
437.107847004
436.621067358
436.141514619
435.667793973
435.19852445
434.732344685
434.267918425
433.803939784
433.339138233
432.872283341
432.402189254
431.927718929
431.447788094
430.961368969
430.46749372
429.965257666
429.453822215
428.932417561
428.400345115
427.85697968
427.301771377
426.7342473
426.154012935
425.560753305
424.95423387
424.334301164
423.700883181
423.053989504
422.393711169
421.720220289
421.033769412
420.334690615
419.623394365
418.900368096
418.166174552
417.421449863
416.666901367
415.903305174
415.131503479
414.352401616
413.56696485
412.776214927
411.98122635
411.183122414
410.383070979
409.582279982
408.781992701
407.983482761
407.188048878
406.397009353
405.611696308
404.833449666
404.063610874
403.303516371
402.554490798
401.817839952
401.094843492
400.386747371
399.694756032
399.02002433
398.363649214
397.726661142
397.110015241
396.514582217
395.941138997
395.390359133
394.862802931
394.358907336
393.878975555
393.423166427
392.991483534
392.583764063
392.199667397
391.838663467
391.500020836
391.182794533
390.885813628
390.607668551
390.346698153
390.100976518
389.868299514
389.64617108
389.431789275
389.222032055
389.013442795
388.802215573
388.58418017
388.354786833
388.109090778
387.841736438
387.546941442
387.21848036
386.849668175
386.433343502
385.961851558
385.427026862
384.8201757
384.132058311
383.352870827
382.472226966
381.479139449
380.362001179
379.108566154
377.705930127
376.140511004
374.398029004
372.463486533
370.32114783